# Site: mytempsms.com
# Philippines Mobile Number
+639664411978
+639664795276
+639274294577
+639567108773
+639567108772
+639567108766
+639567108767
+639567108771
+639567108768
+639567108769
+639955956043
+639950577292
+639950944747
+639983466557
+639983963846
+639983765806
+639983600743
+639983815364
+639983315305
+639955956849
+639955954953
+639955955359
+639955954940
+639955956645
+639955955234
+639561368605
+639561846101
+639955954899
+639955954943
+639955955364
+639955955427
+639955956026
+639955955362
+639955955336
+639955955322
+639983697329
+639983727965
+639298182688
+639983798937
+639664600646
+639664772995
+639664800675
+639664861698
+639561853516
+639563509902
+639563795502
+639563309065
+639563708004
+639563253444
+639563536269
+639563624330
+639164739421
+639164739198
+639164739199
+639164739447
+639164739261
+639559632485
+639567108775
+639567108774

# temp-number.com
+639551740348

# sms24.me
+639551740348
+639164739438
+639164739421
+639164739199
+639164739198
+639164739447
+639164739261
+639567108766
+639567108772
+639567108771
+639559632485
+639567108773
+639567108774
